-24
27
-12
13
1111111111111111111111111111111111111111111111111111
1111111111111111111111111111111111111111111111111111
1111111111111111111111111111111111111111111111111111
1111111111111111111111111111111111111111111111111111
1111111111111111111111111111111111111111111111111111
1111111111111111111111111111111111111111111111111111
1111111111111111111111111111111111111111111111111111
1111111111111111111111111111111111111111111111111111
1111111111111111111111111111111111111111111111111111
1111111111111110000000111111111111111111111111111111
1111111111111110000000111111111111111111111111111111
1111111111111110000000111111111111111111111111111111
1111111111111110000000111111101111111111111111111111
1111111111111100000000111111111111111111111111111111
1111111111111110000000111111111111111111111111111111
1111111111111110000000111111111111111111111111111111
1111111111111111111111111111111111111111111111111111
1111111111111111111111111111111111111111111111111111
1111111111111111111111111111111101111111111111111111
1111111111111111111111111111111111111111111111111111
1111111111111111111111111111111111111111111111111111
1111111111111111111111111111111111111111111111111111
1111111111111111111111111111111111111111111111111111
1111111111111111111111111111111111111111111111111111
1111111111111111111111111111111111111111111111111111
1111111111111111111111111111111111111111111111111111
